58.950524
47.498518
32.547433
21.708383
21.130099
2.072382
3.107127
42.635981
12.650522
10.614261
3.369278
6.441095
2.751644
3.192162
3.508535
1.786393
10.471932
59.751752
8.786342
1.937113
5.051567
15.490060
8.905762
10.758526
80.414822
11.666232
84.876606
5.552224
2.826950
51.506011
11.052963
2.158036
7.472268
52.915617
4.473623
7.273216
5.404319
1.692486
38.271233
9.921444
13.352432
19.486044
18.712627
3.604556
8.102709
7.372070
10.331511
14.675780
74.158041
37.758043
35.773182
4.015647
9.657149
33.892661
16.130284
2.100549
71.214647
31.255598
10.056292
22.003434
20.291428
11.203189
28.055888
6.020670
2.678344
17.256666
45.613262
24.846043
2.017176
4.917000
2.247230
5.260355
52.206056
4.413635
16.571735
8.552285
9.149493
25.183739
61.387026
12.480888
4.125547
43.215469
18.214145
33.438185
78.272671
13.173385
24.512876
4.658523
1.669791
2.503522
45.001621
2.714746
4.181619
4.238454
39.318632
31.680410
2.537549
28.437210
24.184175
16.796970
4.786017
9.527654
22.912864
2.904318
7.573827
3.908675
1.963441
5.189817
10.904750
1.738806
6.617373
17.969907
67.471043
81.507783
21.417289
1.810673
1.835283
43.802834
76.187584
48.798448
9.026805
2.436831
26.942326
3.279525
1.990127
1.715490
55.851619
25.526025
20.846759
5.331851
27.308514
6.707314
4.983829
15.282349
69.317577
88.384668
6.798476
3.653547
25.872963
20.019334
2.606996
7.175687
8.324463
3.415072
2.789043
66.566304
34.820229
2.129098
1.885510
2.572038
89.585951
6.102500
18.461704
32.110995
41.500211
18.966960
14.093286
2.340111
3.556221
46.233216
12.313528
2.865373
15.700593
5.477772
26.224616
23.859883
17.728943
42.064263
3.753537
13.533912
1.647400
6.984536
17.491211
63.924232
7.781106
44.398181
58.160039
9.273849
3.961800
2.404155
1.911137
86.030210
20.567219
49.461694
3.461488
73.163635
57.380155
9.788405
2.943792
15.077424
30.836483
53.634821
6.269512
28.823716
77.223090
7.079466
40.394697
22.302494
39.853033
50.133954
4.354451
55.102689
3.703204
5.120226
5.939937
12.822462
40.943723
6.354724
29.612557
48.144096
27.679678
6.890878
11.824794
75.165963
68.388078
5.781704
32.989803
15.913989
2.469951
8.437605
60.563870
2.044593
5.627687
1.582014
79.336517
29.215474
23.224285
2.217097
46.861597
54.363801
2.642429
11.985511
63.067054
4.721840
7.676767
6.185442
11.355458
30.015038
12.148413
2.277774
11.509796
26.581049
1.762439
1.603516
2.187367
35.293489
5.704176
1.860227
17.025267
3.235549
30.422988
34.353315
22.605619
4.596056
13.717858
56.610728
64.793061
36.259395
62.221370
2.308732
3.024357
36.752216
14.478988
13.904305
10.192972
19.224750
8.212838
2.371917
12.996739
23.539939
2.983803
7.994058
7.886863
3.856263
3.149358
65.673698
4.534426
82.615599
4.070226
14.875246
3.065463
83.738472
4.296061
50.815352
1.625310
3.804553
4.851066
8.668524
72.182563
6.528639
19.750889
16.349520
87.199492
3.324099
38.791398
14.284835
70.259709
5.860287
9.399895
37.251735
