5313.602879
45616.528291
34649.043248
7.694651
38.591243
1768.744749
28.589096
1.782515
2573.508424
4.276032
4.118650
1.738505
93015.869034
158.463676
130356.123073
7.138662
60.523117
13.007491
30197.831385
20496.827404
9.516483
11.195651
52.092730
79064.985325
10.783588
19742.429736
14.924817
923.365726
57126.614613
17.779132
212251.122418
27.536858
178175.694880
77112.863882
934.980237
15568.818710
2.692649
5.772039
1046.310444
2.045261
2357.896984
25.229789
15962.945232
3561.814526
835.495860
99014.877178
1.553523
8.190913
12746.670667
259244.106344
6.459329
9209.818225
41.080165
236.400025
31.203348
10700.282183
3473.873012
17.558276
2638.657100
8026.672940
49169.332863
62350.401613
4086.832064
8.939909
1703.645068
38774.783028
1954.765258
22371.103715
120937.044084
11109.161335
4.551812
69774.604652
85222.894572
1.994763
1246.413358
123998.579931
10.649633
166.588282
3517.568955
28368.237272
116485.885757
667.156995
5118.032631
32.395690
6738.046953
581.450238
39.076661
50414.060451
6908.621424
3430.719869
93.740037
13.846402
14.556322
2054.988215
414.894965
16163.734365
42.120114
39262.509757
458.529850
52340.482382
7.228456
1277.966462
814.867393
452.833900
67.729741
2.123414
100260.331012
3182.828011
3887.514912
1.573064
23518.094730
391611.435949
15.302640
119434.739995
567.094180
66.057488
488.102484
2387.555677
35973.052388
16781.382936
38.111855
1859.430231
3.967061
1448.125720
4.384280
299.772961
642.601893
124.963962
4.725746
11390.391093
2541.539789
323.120524
3104.243708
103.598763
21547.722217
8.293942
47359.626937
16.494474
1360.388218
1.716909
737.322508
44.279658
91.425588
102798.433376
104091.478488
117.392778
68.581676
47955.337709
339.687267
372512.320845
399.624514
4.609067
1156.351874
14264.445512
1.534225
381942.515144
281.610636
165301.340347
15764.650342
2187.523569
29086.382618
49787.806934
3.247954
181.821492
332876.021673
34.485033
30.432934
9.880127
204439.096268
46771.316203
40.569859
5.354972
2.498087
4.968040
160.456903
367884.898477
303.543641
1.945512
5.157879
32145.424181
168.683705
1930.482774
26.523348
1200.538389
208.622290
755.987916
10178.423263
71540.957178
40762.808665
3791.531827
3.414481
5448.117376
361.595214
18.002766
76.747851
51.445623
163247.934119
513.128034
21.715480
22.265210
1.653717
4350.410086
17641.782838
794.748246
1640.941419
104.901875
14.020568
1580.545615
126.535815
133.023445
363314.958873
37.638422
4807.946709
3027.599658
29452.244272
63928.809544
1113.791670
249702.476058
692.650396
71.202319
62.835826
41.596889
89.168282
189667.039914
4.439427
2328.606717
2879.941880
5.992600
4.329817
430.748930
89592.365813
1836.332018
101521.450727
12.219407
2.467056
4.495268
6329.809326
51048.191267
76154.952502
7828.493679
15375.419738
14087.249724
211.246435
765.497074
9.052359
3263.401686
195.982504
1.496345
26984.702014
35526.187954
436.167085
19254.987409
278.112412
650.684830
60055.558776
138763.370697
12907.004047
784.875724
37.170870
182686.234071
539.436671
4.667042
3065.682173
684.046154
8544.348868
2.204554
74.852940
51690.298467
7354.189224
101.040901
2.795540
2215.039228
137039.624422
304987.292976
19.404896
63.626204
8.610870
2.019854
297457.129883
245.433342
13739.434289
173776.521299
5946.305566
196914.596289
60810.964712
9.636186
3.680415
1326.800113
56.856207
4.067487
26318.447348
162.475203
11.336475
140508.799031
9561.743772
39.568185
118.869398
3.869113
308823.560862
145877.920849
25991.514344
164.518889
7.889442
25349.781568
31746.107309
40.065892
4.170456
2.406144
87380.322419
23225.948265
3.167762
377197.949021
1.633174
526.117932
222.077272
370.749040
28.233957
560.049623
8229.869133
1170.896990
175.129446
494.242058
420.113701
19.648979
248.520514
946.740841
8982.427003
167380.575246
59.771287
14809.518462
1.969984
102.311839
129.739085
2.436409
135337.290867
36.253118
1033.312967
114.494340
31.993264
2133.513419
97.322032
41794.724079
42320.436991
65547.175063
311.227885
17422.633092
23.116009
380.134597
78.690733
2.177169
7926.964008
500.458857
2.346736
10.130244
13.171105
1979.353178
6021.100882
2160.349714
728.163341
169485.963701
30.054890
134.696674
80.682798
4929.660459
50.175426
10.004404
4868.423234
108.910385
43.186390
47.135451
2.561327
24.916379
4516.647944
1059.471409
227.699185
19.163844
35.358025
26.856970
184984.144013
133656.104039
265806.902142
13.504533
404.651172
3.821051
4242.998079
175962.360851
20242.211724
6173.525777
131995.801250
37347.654560
110.280309
3936.413830
354344.680577
1.827640
6.144303
64.426523
13.674399
75.794474
106726.566812
97784.894619
3143.290287
73352.025132
50.806556
2.260363
12588.328981
11678.740216
246600.622083
4.785188
153357.241788
52998.844603
199391.476997
878.332648
1141.987441
36.709126
1.850629
243537.299957
7446.693537
41275.541679
8.398267
3.773585
67206.509700
658.869437
1127.801445
425.398081
3.128412
6.790506
147.013643
11.623459
316641.466526
2271.113213
55716.153472
2509.968274
719.117951
37817.430223
58.295529
710.184924
19.896133
147712.839208
1.760372
2.975837
234573.767826
447.208707
2844.166667
9682.015703
4.845379
2.376254
701.362865
1466.340899
7.988679
12.686335
319.106656
110804.802071
264.548710
6.221589
11248.897382
982.917699
2.866310
12431.954247
1541.521805
3.500919
209614.496630
2671.847320
52.747975
68051.863525
54.763581
28015.841369
16992.466748
2.659200
8.503904
1503.461496
4630.987431
55024.036298
72440.831641
7262.834019
506.753855
33793.555322
995.281282
57.571370
441.653392
66371.657028
201899.513028
179.562869
8127.636057
34.056653
1230.930163
94185.864635
2.902363
17206.205667
312708.083057
42852.762557
386746.760562
46.549925
10.517341
73.004815
2739.485457
115038.874845
384.916101
1813.520735
15184.423207
73.923102
1.612886
275963.914711
1484.785197
184.108525
3.089550
3.288809
13912.255097
7.504669
141.602720
335.467604
574.227347
4991.667955
5.422329
8760.650090
23.701193
5380.439775
7540.361411
1377.499795
27324.127781
3.544955
2.726518
804.744948
6.299847
464.297445
366.143522
1343.489204
2107.010490
6.622847
193.547971
228782.120862
56416.976409
1430.136813
105400.788106
15.495124
98.546192
64732.934977
122458.244832
19990.758932
61575.872485
3606.616638
5.844642
6.067978
5872.439372
746.596884
261.262433
84164.238773
14625.551669
258.016979
12277.522031
2.317584
131.371001
22652.497559
48.936591
1661.581922
95370.576969
94.919142
267.876323
54340.516742
1185.625061
5.093807
149570.837998
958.649375
128.127440
1906.501931
8333.388143
5.030530
15.887385
230.563288
66.888389
14443.870148
157239.498848
634.619364
96.113078
43.729608
7635.207482
21.179323
225940.143713
292.371540
6995.521184
2.830704
352.667396
159217.328264
24113.458132
775.125842
43937.585406
11974.388932
2.938871
21280.052113
148.862847
38293.114937
112198.554905
5516.646256
3.013269
22.545272
11.917708
288.739643
12125.008203
357.103406
3697.918572
36883.714544
324657.283414
394.660299
343.960007
223133.470172
18.229213
91860.407351
220361.661689
24.301192
25.547140
3.634696
81.697663
18.690687
70.317830
3.330177
2.070987
12.845909
4036.064620
224.870660
63134.673118
42.649920
56.149928
117951.097826
1072.797919
1007.800379
152.631328
2.288795
2242.900991
15.112548
1790.992819
5727.448327
26649.492662
138.106537
341302.818281
358801.787970
3985.927820
1020.476947
1560.911762
8438.209262
6571.683981
254.811840
1.897478
285.152861
121.878591
44490.252194
10306.452067
161220.035712
271.245792
7172.613646
5.288451
279435.113439
90719.299044
10051.984859
675.548796
4.906326
21015.707060
2299.680300
2.232284
626.735996
99.785750
24723.893231
57845.178966
231659.845683
2.097037
5.918159
151452.207535
54.083297
13233.746410
5247.596243
1746.773048
6.540577
1.674518
33373.765036
4296.368424
10.257667
32.803178
3651.982290
170.805485
34.918801
233.463417
3388.102782
519.582390
2447.996937
10.919229
5.629527
1.477757
191.143679
17.124760
49.552137
3.917781
16.087224
78082.824303
68907.850593
207010.623534
5656.300821
35084.874560
1.873907
7.599066
13069.354171
81066.524958
1725.074285
53665.488001
23.406772
18315.910592
4573.460381
22.828857
3.207608
108069.021760
20.146396
2773.943942
46190.313581
194468.483889
7.319378
2952.847956
240512.031030
13.336777
2.760814
315.142650
24.606863
35.802775
349942.940261
1882.818984
11825.640684
337063.086580
65.236909
86.966709
301198.679976
31351.750830
14.196925
262504.995773
4689.238082
6.962408
6096.837008
33.215791
2705.455022
286509.047014
1.921345
171617.834682
4460.541242
22093.205402
216.594164
5799.490758
18.458508
10834.875164
5.490533
70652.261136
11.769664
25.868484
82086.216313
389.757750
83118.733807
9927.117097
476.051191
269150.341379
3.372065
8.719182
889.380713
1600.426431
546.221949
113.072069
115.934502
217624.285164
603.668612
900.567745
18.925787
327.184880
331.300359
4748.221436
21.445726
1294.041302
125558.290059
90.289881
375.412489
88.060616
19015.798114
20.399806
1.804936
1099.955928
9095.412026
62.055267
7.049984
6490.049212
9.757394
77.713221
10567.361143
8.089164
532.735681
846.005104
256023.724334
9803.800468
61.284404
867.421825
28.948703
1394.826610
2478.788948
409.741057
1.695581
2605.879175
96570.191150
6409.428525
5.222757
290112.887178
251.646517
596.169720
1262.091308
172.953953
16572.921249
6.875920
144065.796213
22937.430902
5.559596
27667.822998
5.700338
2808.835862
30.815734
150.735311
32959.189468
618.950556
3222.863059
1620.557318
145.187410
8.828856
296.049122
33.633594
588.763981
21.988628
7.411445
30962.293126
11533.664575
17863.689148
5182.409556
214920.912876
55.452422
293762.058071
14.739418
213.903588
32549.763841
307.361750
1215.639303
23.999317
2004.250376
16.912033
23813.915945
1522.372713
345595.879241
4405.131509
16367.049115
970.707699
127137.618926
252843.346553
1.592851
9442.965883
75208.940489
18546.296386
4.222914
25034.881524
12.067615
45049.870676
44.836628
470.137588
6.379090
40256.444923
7731.246569
6.706153
18088.386696
6822.801150
272535.835906
20.916230
7083.514008
3744.432662
128736.813305
9.166224
80059.500411
84.819493
13400.206447
206.030742
328740.969321
3346.015093
29.312833
239.373572
142276.182151
59.028796
86294.866621
4138.238083
200.943825
186.424325
282949.974472
34218.625920
4.016960
31.595838
553.092575
30577.673344
6251.179171
825.117163
3.589545
82.725293
2029.460742
2080.836785
12.373108
856.646538
107.557479
274.657644
8651.823547
79.680540
109428.362714
92.575580
26.193869
17.340163
36425.537684
9325.663477
3.457429
219.318584
45.971673
188.769254
11.479070
106.221378
25668.642567
2916.167089
72.097934
120.364591
237524.342597
29.681543
180416.869224
203.471387
69.444328
10436.091275
43391.783954
28725.065770
10.386692
154.551194
39756.371333
192052.757584
8870.845502
187310.958104
5054.455408
1682.482049
9.398268
4190.290710
11.056576
111.667465
348.286491
18779.580076
20754.645754
143.383863
14995.799272
198.447661
156.495208
12.528742
48558.541601
123.411635
59309.536643
24416.768097
1310.318337
2.529509
16.289576
21818.759197
2989.990211
27.194789
155286.238423
48.328691
320624.325868
611.261829
15.690029
53.411463
2.593544
136.390950
911.895493
85.886391
83.765849
1.515167
3.051171
47.728342
20.656404
242.384520
3304.450226
88479.431570
3.726708
16.701949
113609.838990
5586.037124
139.843703
19497.185335
7.791438
177.332303
2.626167
3839.223426
1086.292056
6654.345590
58572.781747
29822.707899
1412.371369
9.281521
14.375500
74274.680025
2417.587431
13568.760295
45.400603
27.883229
10971.161116
482.039178
2.150124
