12.001433
7.463512
2.059629
3.230142
20.801519
3.847894
10.591227
2.886446
4.360235
9.464292
7.846174
6.187468
12.936154
3.525513
5.740384
11.416116
6.924224
2.515637
39.351182
4.583789
12.305250
3.150389
3.752889
15.029667
27.730310
8.890880
1.863630
7.099512
0.997529
34.295907
6.265297
24.471912
4.940794
2.333866
2.677882
1.451396
1.604041
19.298474
6.423904
19.787017
31.817804
16.819283
11.134251
13.098871
1.415561
2.547280
2.959517
1.102440
4.526849
6.838210
23.278403
34.727297
19.058744
1.624217
5.669075
2.611764
8.352209
4.818805
30.646732
1.545003
5.885702
3.438468
1.380611
31.032220
4.699829
0.985138
25.407033
22.421628
2.453526
29.518761
26.050215
11.705116
27.385838
1.203250
4.415080
39.846159
2.745672
3.353572
2.111769
24.779731
7.370798
21.063170
3.072606
8.780436
5.392591
1.296964
18.821993
6.344105
6.504707
1.218385
17.681626
13.943675
21.868036
1.313278
10.201411
35.164112
4.045180
21.596387
33.869877
38.379598
38.862354
1.488139
4.470615
1.363461
17.904034
1.564437
37.432003
25.091422
3.270772
12.775458
2.484387
1.750718
3.994930
1.584115
2.192464
2.085536
2.780209
17.245065
4.306072
5.598653
29.152073
26.377886
1.280853
1.130349
22.703657
10.459661
1.188303
9.949537
7.944867
1.022782
1.048673
4.096062
1.433367
1.707493
5.129591
1.088745
2.996743
28.789940
1.264942
12.152392
1.840479
17.030843
6.586526
23.867699
36.054296
1.686282
28.079114
14.842965
1.346523
18.588182
1.329797
7.279237
1.173541
27.045646
10.074687
1.934843
9.002713
6.669374
28.432306
32.218023
16.200239
12.616759
2.247966
7.652451
15.800254
1.075221
6.034699
5.194114
9.346725
4.641446
14.119065
9.825942
2.034044
1.644647
1.144567
4.199754
36.967015
2.711565
5.259448
1.817616
3.034437
10.995939
10.724448
18.357276
5.325603
8.248456
13.599405
2.220042
10.859345
15.410144
2.363222
13.263634
3.945304
6.110606
8.563646
8.044801
20.287928
5.812589
2.138332
1.887071
3.481719
2.815179
2.423047
4.879418
22.143102
32.623276
8.671363
9.583339
1.525811
17.461981
1.116307
2.579321
3.706270
30.266032
1.233710
1.665335
6.753265
13.430470
31.422557
5.460422
25.726614
1.728970
2.276242
1.249228
23.571209
7.188813
3.660230
9.703882
8.457267
15.218717
2.392948
22.989234
4.147584
1.061864
16.610350
1.158963
3.614762
2.850590
1.910808
21.328112
7.557391
14.658583
35.606422
29.890061
8.145992
5.959735
1.795038
33.449138
1.772739
3.395755
5.065871
33.033626
40.347362
3.311913
20.035907
41.368761
1.035647
3.800095
9.115954
11.274303
5.002941
24.167917
15.603980
18.129239
2.165229
13.770464
14.296661
12.460031
5.529105
2.008777
3.569859
1.010076
1.469653
16.404013
20.543119
11.852348
36.507803
40.854870
1.959180
3.111255
14.476491
15.998997
7.748707
7.011320
26.709679
11.559713
37.902839
1.397977
19.541219
2.644616
3.190016
1.506857
1.983823
9.230618
2.304874
10.329729
2.922753
4.252581
4.758945
3.896295
