10.847658
3.780473
0.689388
5.604384
12.161184
6.867150
2.081209
0.409569
5.822031
11.706558
5.326792
17.135446
16.494866
13.124087
0.528004
9.676006
14.163231
9.314285
2.162033
7.133837
4.184759
4.028319
6.203721
1.832991
1.061676
2.393243
0.698199
0.996356
13.808015
3.164671
0.935054
4.573822
1.386176
7.896734
12.007713
3.124734
8.521984
4.691485
0.447647
1.742201
1.554026
1.088988
1.856419
0.541587
1.300891
1.787020
1.334357
2.454810
11.126718
0.599505
18.028417
0.763112
3.372146
3.287572
2.895475
6.283010
1.440009
1.764468
3.547876
4.402837
8.099880
1.594004
7.043810
0.508266
2.486185
2.683037
2.245996
0.569811
13.461708
3.007921
0.483091
0.888740
0.607167
1.458414
0.680688
3.205119
0.470975
0.823534
1.368683
3.246084
0.813141
2.717328
9.196741
1.809859
2.217653
15.878233
3.977483
0.425474
13.291825
7.505598
0.430912
18.258837
1.635010
0.584469
3.927288
0.501852
6.694921
0.716161
1.145738
1.698506
2.649177
2.615746
5.748559
3.685659
5.394874
0.562620
2.274702
2.969962
1.284474
12.794933
9.799675
5.676014
4.459110
1.677072
12.958465
1.048278
2.029012
7.797079
0.436420
2.333220
10.180246
0.577094
3.329590
14.527584
13.984495
0.414803
8.741215
0.772865
3.458895
5.193195
6.527012
12.474034
1.252259
2.363041
0.947005
8.852936
0.548509
4.292414
0.638808
1.928513
1.978125
3.639147
0.866450
1.403893
4.935970
8.966086
1.117003
2.003407
0.834059
15.091765
0.459163
6.610433
1.035049
4.751447
7.410880
7.997662
1.351411
9.553898
1.009090
1.236456
17.576261
2.550142
5.971805
4.347275
2.517960
10.710764
17.354454
4.632280
5.127659
1.220852
1.268264
6.444643
6.048130
14.713261
2.189666
13.633762
16.919202
6.125432
1.495932
4.516102
10.442137
0.802879
2.054945
7.601527
10.986302
4.812175
2.423831
6.954919
8.203404
1.317517
0.555520
0.971367
0.855516
0.646973
1.131279
1.515051
12.316616
5.259570
1.534415
0.630747
3.046365
5.896443
1.075246
15.677855
0.672098
0.534753
2.303775
0.900099
3.877727
0.782743
14.901311
1.953161
1.904176
3.593222
2.932482
0.420105
2.134749
0.495518
4.079805
11.558825
1.205446
0.655242
9.433330
16.286706
3.085301
1.655908
15.480005
4.999057
0.734584
3.503103
15.284652
8.414439
9.924924
1.880146
0.983782
7.317357
11.856179
0.591940
11.412956
0.959109
0.792747
3.732765
0.877524
1.190233
0.707123
2.822856
2.107809
9.080681
4.238245
2.787233
5.533659
0.844719
7.225014
0.441998
8.308252
10.310360
3.828791
4.873680
6.780489
0.521341
2.858935
0.476994
16.081173
0.489265
14.344251
1.573888
1.160382
1.720215
1.614377
12.633465
1.421836
1.021987
0.614928
0.725314
1.102907
0.453368
0.514762
7.698682
0.622787
5.062949
1.175213
0.743973
2.582736
5.463826
0.753482
0.911603
3.415245
6.363313
4.131949
16.705687
0.923254
0.465031
8.630904
1.477053
0.663617
17.800903
10.051775
2.752059
10.575597
11.268928
