4.097091
0.819613
0.869947
2.257544
4.685053
6.126216
19.010230
0.844405
11.454438
41.874510
5.686400
1.009724
27.182606
1.675778
2.908325
1.532465
3.746707
0.727514
16.624496
1.422445
37.169082
2.191261
5.771761
10.319933
38.868233
0.617533
1.087822
51.587391
0.980078
12.340386
8.630283
38.293389
3.375614
17.645438
18.179185
50.072767
3.180306
22.395886
7.892219
11.800917
1.340144
0.749520
23.419694
7.435585
20.177685
13.902620
15.662625
1.189553
4.972771
0.626803
42.503111
2.095469
17.127362
6.699127
21.416835
2.996297
0.965583
28.004838
2.699529
3.325690
1.752384
0.636212
28.851941
2.158853
6.311525
3.917984
14.323152
22.732083
9.868790
2.033945
19.879266
3.133270
17.384470
1.650994
33.990371
8.010693
2.543338
2.126925
1.071733
19.295604
23.771260
3.636702
16.874056
37.727048
4.899226
14.977922
0.675283
5.047420
5.200097
14.538165
14.111320
4.158595
47.175622
40.043937
2.659604
4.826769
4.348701
7.217274
1.380682
35.544210
1.055883
9.722835
3.426287
26.384515
17.910324
10.167306
28.425234
13.494434
5.602300
1.137551
2.003864
32.023733
16.378627
3.228047
40.645059
2.432154
25.609856
24.857942
49.332213
24.490304
36.619368
11.285032
45.790529
43.788765
1.225535
0.716754
1.487471
1.443798
7.775496
6.502439
1.104152
11.978068
7.660500
7.547205
43.141149
0.923372
6.600050
3.691295
47.883802
1.778690
25.231098
0.883006
35.018528
0.951303
29.285054
4.284386
22.064661
41.255205
0.909716
53.147830
1.626576
4.547498
11.626387
5.858404
6.799692
2.396184
34.500620
2.064478
25.994300
32.504459
10.474851
21.738335
2.620270
8.376895
30.170882
1.040267
31.083505
0.831917
52.361798
16.136395
50.824437
4.755383
4.615763
0.783783
5.519445
5.123190
1.281559
10.016936
8.759837
4.036497
24.128103
1.401408
0.760771
3.802951
0.857081
1.832493
2.951983
45.113308
3.041276
2.781186
31.550116
1.805391
4.480243
1.726467
1.974228
5.946348
9.297795
1.207410
4.221022
3.529927
1.860001
0.994791
3.860039
2.360745
0.795549
30.623794
2.325831
10.791700
12.713664
0.685421
2.740053
8.502645
21.100089
2.581517
29.724668
9.579039
12.904515
1.360262
39.451706
26.780588
1.916264
13.697006
33.487669
6.406271
32.992402
0.937234
7.110534
7.325616
2.468664
0.896262
10.953700
3.477721
1.578819
11.118132
0.772191
1.262605
9.160285
0.655457
9.024808
2.224155
12.157877
0.695710
18.729078
2.291433
0.665296
2.505723
15.202764
5.437815
15.430982
20.788029
27.590659
9.437369
8.891336
1.300797
1.120727
1.555469
5.357392
1.700934
1.887923
7.005372
18.452083
1.602520
5.278159
3.086931
1.154627
19.585261
1.465472
6.901766
0.706153
6.218180
14.756406
10.632095
3.276505
46.477916
44.446103
1.243932
1.320324
3.582917
6.035612
2.822935
2.865312
0.738435
36.077784
20.480583
1.024882
0.807492
3.976799
13.098232
15.897745
1.945030
12.525634
8.130946
1.171960
0.645763
4.413982
8.253004
48.602612
13.294857
1.509800
23.073327
