178545.933718
23274.210449
459.482648
132270.080927
720.612236
8.207933
24.351688
215367.506162
3110.694148
2.566649
5.712183
4.504609
489.116733
2.908394
49.655104
1603.752025
385.715935
11557.630866
6.636609
1934.494206
972.724774
19294.998165
1346.280897
198.860024
465.262228
25.922237
4.338815
1075.027132
42.207637
124256.241842
6.976875
111.899504
21592.497143
2.381192
1772.420098
7010.057474
3.464614
1264.713861
93.934824
32.059745
757.558816
35157.778909
3.214273
1.056648
1.043522
8.005279
48.429115
29146.822446
11132.245532
104307.774589
35600.009328
15407.368975
79229.277813
1451.134842
33863.776385
23.750443
94381.577440
4469.809990
23566.963977
23.455410
561.213374
49271.503907
18125.973323
2247.561610
70799.072467
1.306826
16.323425
17027.776116
3.781426
353.400219
209.055795
15.920398
28.648503
1983.466160
51797.707932
1.426325
767.087733
117.636714
1397.724979
2.154592
130626.995593
0.865110
38372.685826
175.493355
1487.870495
0.875992
50518.817966
685.467563
1158.754707
26.248299
87.147421
1.167776
152.948487
161555.041666
51.552524
4.978363
1.786219
25.600226
4582.963769
869.224278
50.912129
3.597004
26045.523215
1433.108555
96770.858448
282.195806
148019.777985
340.393118
25402.456955
9.071169
9.777670
1623.924743
37.248109
31026.630989
1469.387871
2578.856026
32212.220522
106948.338474
960.641393
3705.602634
4939.904010
275.228367
4.075939
16197.321675
8669.801538
10589.319511
211.685393
122712.706016
3.379072
11850.213685
612.531996
110.509466
98.750965
214.348068
7747.311654
1233.487965
122.131848
271.809425
2362.796558
24163.564510
3.254703
103.814036
108293.582967
3994.210349
50.279688
1.576333
255.341325
5597.644587
69051.037140
6.080587
3149.821863
5811.541766
12303.034015
289.339627
47458.037516
57965.377918
118196.193418
48054.986141
22.311476
6186.354008
9702.134374
6.472751
1022.597440
448.137981
126.798749
11.360031
1958.827147
64061.649931
173.313342
9.536258
10722.516753
694.089683
4.127208
1583.829898
46286.294394
29.373743
21.760604
5.856787
21059.376489
63265.863334
89778.533592
137324.384873
1.197339
471.114507
58694.492615
27380.905746
13596.955398
164.860750
27725.315142
7.710640
2850.076682
63.758415
14.049702
304.174387
15797.408378
87561.893699
71689.615169
171.160409
1296.730245
88.243601
3270.182847
597.408527
17.160345
43.276129
37896.012667
589.987399
18.040174
13941.163962
1.110823
7462.167338
3.975304
9.417797
533.842675
1203.033038
5324.644239
16.120652
6422.746949
520.662052
2164.838797
2.801349
1.480828
25.282215
1.462433
2745.177950
37425.260837
60937.326396
52.200975
7369.470806
143.681807
3.508193
15.527322
258.553123
204863.908942
527.211174
1088.549308
11.647612
13.702814
91.615565
2.944978
39838.982784
79.846112
1.808687
36.785406
22985.093563
8455.743375
2885.926233
24467.504736
1.182465
1.339908
130.008675
32.463006
9824.172201
142571.823867
3895.592944
109655.748552
17.376195
14.955830
0.854363
97.524261
4698.982049
84339.127216
157566.233475
635.938066
9.185271
75365.220338
33443.113799
1.124795
405.492014
186.811704
4198.997893
18.267092
22.592120
41881.571110
105.119855
125.223630
30.879767
7277.925770
1.069939
43481.949583
5391.620019
4.448652
10.671762
3.877153
2033.677844
140800.768227
9.300807
2.472182
131.643983
7.520264
149881.637589
17678.441447
17900.808866
151.048530
13261.245373
2.872266
1116.106065
56.266604
1.677998
410.592476
119.116401
5.433596
1048.484617
1525.536116
4095.324265
6752.048227
7.807628
357.845446
7556.029848
134.976566
133.299860
76.907329
3.337097
12614.486804
80.850452
2.236923
34289.730255
12.554776
5.233609
119682.918509
4.179122
483.040827
29884.677769
366.904347
2333.445428
23.164042
1665.034593
380.924495
25721.980529
141.896963
64.560397
95.116379
3.688062
2483.939728
3659.570899
453.774863
245.943339
106.442100
14473.883679
85399.982841
71.350274
83291.449752
38.191049
2085.160644
32.871341
5.040983
196.389745
177.700790
180791.765093
0.898167
1009.894530
1.699104
46868.504305
3524.878261
15.334438
14.405372
0.968120
59.895488
8.521575
2.598934
315.797498
8.105973
35.877171
3437.848707
1886.731374
4.231689
676.952548
16607.358825
10.941919
47.827519
144365.156645
7.905836
1.901420
22417.589581
19.937476
6.554168
41361.309878
20032.298578
44.929796
14.226425
182.199307
18353.970000
2.503278
1.596161
1329.557127
89.353568
12.398818
2.411144
30.496172
5193.178305
65.372467
1.831438
3.295643
997.349419
3.734452
159548.172707
6585.339562
120.614701
0.822918
64867.446290
7.614857
786.506651
47.233396
5002.040353
203.894189
112431.697043
11999.271023
3.019530
34.556691
847.763054
1.030559
12150.203272
194872.578204
99220.624393
136.674362
2.024051
163587.153929
948.708114
4.618644
1.499454
40340.095499
153675.909309
34.127420
44028.885179
2453.083734
4.676739
68.724185
140.134290
26373.135566
11272.271943
154.872342
34721.041965
16401.058901
858.426600
14655.942724
2.982021
109.136695
39.650406
40.149146
30641.211989
6922.977141
837.231972
191.540865
7.064634
158.792954
1.854474
81.867426
1.017757
37.716633
4359.449988
201.361375
33027.676767
5.571148
8.628763
514.194284
24.968154
376.192575
11.794121
33.284811
0.909465
2111.388736
2.631624
145.489101
27040.774672
9228.955697
36047.802320
336.164687
1.356762
21.490289
390.567644
53777.001796
420.986674
400.454911
69919.592264
1061.672930
113845.913696
8144.524817
7098.233142
6.157071
1.258727
105619.804877
11.502923
1.274560
1.518315
2.209135
2644.140077
575.420558
0.944217
4.284917
796.399687
42408.376423
12933.824058
176328.000508
1.083397
11.942473
65683.378320
5.930456
55.567649
54.877377
660.238530
2.732184
2137.946737
3.552321
10199.573441
41.683325
7651.073003
4251.814784
27.251299
10.151294
2.075291
1.243091
10.278981
6264.168762
1707.185145
1.949555
2996.203238
165644.827017
31812.073892
738.854622
806.417162
55831.928432
129004.320993
4640.610356
7844.760838
308.000430
620.236700
49.038278
239.870976
147.319129
99.993100
2392.516880
3311.316683
151766.916505
192451.832159
9345.041669
8562.103534
4878.539537
285.745393
123.668077
2.127827
22699.568145
1035.460132
5528.109530
278.690314
57245.320429
21324.270836
55138.373078
166.934443
12457.787132
61703.823603
90907.808526
121188.344300
5884.641963
67.870480
88663.286736
92.767947
45711.316811
2.351612
38.671434
20.442196
39.157860
19783.453369
4.025307
5.366099
68193.271380
7.426845
0.887010
540.557589
76313.198110
101732.406458
2.293551
1863.294020
3.174345
22.034319
1380.362160
5668.054289
58.416663
2219.641952
323.791950
0.992628
2779.708038
2059.258363
18.965114
185368.530416
6.234517
2.181693
1.636568
13767.984042
83.939909
36960.356780
880.157773
56.974351
75.951971
10993.958557
5258.500446
42.738544
13.198473
13.364490
24.657995
652.036915
233.948541
1.153270
36.328450
21.223333
22139.113811
3569.215772
53108.973151
29.008856
26704.868774
16816.253684
936.923072
2.534766
1.323264
44.371669
23863.399891
18818.602963
252.169424
16.528748
2.664726
1685.978150
67.027379
415.757093
437.073415
1728.658890
100468.666209
183065.845549
13096.511537
19537.699364
702.820257
57.691000
111035.048072
6033.612383
12.712696
236.891251
128.393681
3.421576
20539.418631
5.168596
75.008480
748.148269
10.539195
311.874598
582.658458
1.138944
507.806860
52449.242891
10.025193
925.284427
826.831709
116.175407
133933.833730
568.272569
2611.294042
268.432954
1130.144951
1.537413
6.312938
711.660647
19.689809
668.543308
40.654160
2711.076802
8.311177
9947.745075
1218.165331
193.950152
643.937183
0.843750
162.812817
26.578462
628.038317
86.064858
225.337928
6.890207
1.877801
167728.382447
1750.402742
67346.160958
6342.962305
10072.872304
74429.018535
3.134912
3072.052484
114.732253
14.770046
15996.115314
15.143951
7.153496
174137.618907
210050.063488
46.067199
29.743219
1.556751
902.439073
38855.354795
28784.754803
156.820396
6109.505884
344.674736
3395.143064
1840.147810
60180.350770
442.571122
292.979072
190061.157105
15601.169819
17.594761
26.912778
501.498782
8778.854216
97988.086002
6.392345
21864.097322
296.664295
11703.007966
913.790359
43.820475
42941.808131
1.444266
78.854247
14294.086208
7943.435783
72.247750
34.991360
3229.559983
4758.087967
6836.978538
30260.580741
53.522449
36501.227854
3.057511
3614.110979
7.334588
25086.902567
19.203666
729.676422
15026.959680
103012.042603
261.805321
2546.820962
1.925337
2814.672461
604.923001
206.458862
265.098427
69.588629
184.491092
30.117343
1415.306195
51154.266470
73504.446418
816.560641
12.092690
8.415718
4.855447
113.307026
17241.959172
4044.451330
7187.517924
300.395872
554.241869
179.935990
1363.215026
207440.779693
45143.481714
115277.919005
1.657153
2.265060
331.988782
5.784033
1313.041104
8.847201
54.195679
5128.667608
431.644002
189.161506
1.742117
3352.967920
61.411750
82256.786746
6668.172937
82.897191
3752.213378
80225.859445
40847.511435
59.151454
135618.513967
1.720476
6.804616
222.538736
125819.192959
984.960145
41.165527
1.616238
95568.751538
28074.056675
139051.712994
54453.433207
13428.051305
2.049511
12.244798
66509.573511
5.501942
77.874704
72591.359520
1.212399
3.925922
84.995744
2515.183844
15215.975564
1794.714399
1564.155247
362.346588
14116.522218
891.228795
66.194752
1.290592
171974.446664
93209.150655
3.642248
3481.091520
27.941169
46.646653
149.172175
28427.184836
249.036925
197323.773486
52.857583
2677.399265
29513.444340
8246.970327
2.101395
14.586569
10457.776872
62479.962158
18.496864
1.974077
4526.033278
33.703483
92051.287990
217.044235
74.076710
13.875174
146181.046772
9462.587823
319.769741
2.836586
90.477498
1817.289127
2922.226717
477.040398
371.519435
70.463946
116727.936723
86474.182387
395.480380
14840.291789
2422.611038
77273.099974
3799.410412
242.888181
45.494943
6.720088
56534.207638
228.172330
1.005114
776.736508
3189.441745
8043.351905
16.736654
127401.803580
9581.612525
5.104391
17.816076
2.766550
1.373828
4817.937346
102.524437
78245.075918
31.268187
212692.168033
44582.700378
0.980298
22.876294
1280.622003
1910.463533
349.010211
11414.059670
7.243476
1.391109
1644.351201
2.698244
5459.438250
9.656209
3944.593471
9.900658
62.966395
202319.048594
426.282034
8.958485
4.735566
2.322400
2.441472
101.250858
5.299440
547.356966
39344.094992
3.828990
3.095970
32617.400377
0.956094
59432.778447
4.916521
495.269064
160.790324
1249.003333
81234.976530
4.561270
4.393390
11.218915
20.959692
169.034220
1102.241573
12.872602
4305.296031
24775.268058
107.780977
20797.772713
2958.983804
6.005052
35.431497
155608.914287
60.648881
73.156514
31.661492
2192.069117
8350.704444
5064.958276
2275.832455
1173.330047
8889.278609
4414.285118
24.049187
16.947175
19.445218
20.699327
18.729525
5958.661646
1.097024
19055.311848
15.722632
219.774315
20.188259
0.932488
11.079551
9114.311768
10.408275
3033.890835
13.532594
27.594078
1506.585602
20284.273875
10327.868281
327.864751
10.805996
96.312795
48659.443455
5739.349635
31416.897964
2304.458904
0.833269
1.227649
12773.157515
62.184214
231.042385
18584.834522
1.764030
13.034519
3847.201111
169838.145777
0.920905
17458.836320
1144.360425
4.795132
187700.179493
1.408607
1544.724998
8.737300
1.998908
5.641225
49891.263131
0.812695
1188.088722
199805.801008
9001.091969
10857.389411
6503.535160
4146.837103
28.292625
2008.415093
138.393514
