2.467056
53.411463
4.906326
18.229213
1.873907
15.302640
3.128412
16.494474
3.013269
2.436409
1.515167
4.551812
42.120114
13.336777
35.802775
15.495124
6.875920
3.372065
3.967061
27.536858
45.971673
23.406772
7.319378
4.439427
21.988628
43.729608
2.177169
48.328691
16.289576
15.690029
15.887385
8.503904
24.916379
2.204554
6.379090
2.376254
54.763581
2.045261
5.354972
13.674399
44.836628
1.827640
10.919229
5.222757
15.112548
11.195651
23.116009
3.634696
11.769664
14.924817
10.517341
24.301192
39.076661
2.626167
48.936591
14.375500
4.222914
7.228456
57.571370
7.599066
2.346736
34.918801
2.726518
59.028796
8.828856
13.504533
5.844642
19.163844
1.496345
2.902363
1.633174
1.738505
21.179323
4.170456
8.398267
1.969984
5.030530
1.553523
32.395690
10.386692
20.399806
25.229789
47.135451
6.299847
1.695581
31.993264
5.288451
3.680415
13.171105
38.591243
26.856970
16.912033
4.495268
36.253118
6.706153
5.992600
24.606863
51.445623
3.414481
2.561327
19.404896
4.384280
5.490533
10.649633
20.146396
5.772039
9.398268
3.089550
30.432934
29.312833
22.828857
12.528742
34.485033
23.999317
9.052359
11.056576
1.592851
6.790506
9.636186
12.067615
25.547140
1.760372
10.783588
4.118650
45.400603
22.265210
29.681543
28.948703
56.149928
47.728342
37.170870
5.629527
37.638422
7.138662
16.087224
55.452422
34.056653
7.504669
23.701193
6.962408
54.083297
3.330177
12.219407
19.648979
28.233957
42.649920
8.719182
6.540577
8.089164
6.144303
17.558276
7.791438
26.193869
40.065892
7.049984
1.921345
2.288795
4.609067
3.589545
2.232284
12.686335
10.257667
2.975837
6.221589
28.589096
49.552137
20.656404
1.804936
32.803178
2.070987
9.281521
31.203348
10.130244
2.498087
3.544955
5.559596
3.247954
3.821051
20.916230
30.054890
4.016960
1.653717
2.019854
5.093807
4.968040
19.896133
8.610870
2.097037
17.124760
17.340163
21.715480
2.795540
52.092730
11.917708
7.694651
3.773585
11.479070
4.067487
41.080165
40.569859
5.157879
50.806556
38.111855
9.757394
1.994763
7.889442
39.568185
41.596889
2.150124
18.925787
11.336475
43.186390
2.830704
2.123414
16.701949
21.445726
1.573064
4.667042
3.500919
1.612886
1.897478
31.595838
3.457429
9.880127
14.739418
1.716909
12.845909
6.622847
6.067978
33.215791
60.523117
17.779132
50.175426
27.194789
18.458508
2.760814
33.633594
5.700338
7.411445
3.051171
14.556322
18.690687
10.004404
27.883229
3.288809
61.284404
12.373108
59.771287
9.516483
3.869113
3.917781
1.850629
36.709126
4.276032
46.549925
56.856207
14.196925
30.815734
1.534225
2.866310
4.785188
2.406144
2.659200
13.846402
8.293942
1.477757
2.529509
2.593544
6.459329
4.725746
4.845379
8.190913
25.868484
3.726708
18.002766
1.945512
9.166224
2.692649
62.055267
8.939909
44.279658
3.207608
35.358025
1.674518
52.747975
1.782515
58.295529
2.260363
26.523348
5.422329
22.545272
13.007491
4.329817
3.167762
2.938871
2.317584
14.020568
11.623459
7.988679
5.918159
