3.945304
22.143102
5.325603
28.789940
5.129591
26.709679
16.819283
2.304874
33.869877
3.800095
1.296964
15.218717
3.847894
25.726614
13.770464
4.147584
3.614762
1.506857
21.328112
17.904034
3.230142
13.943675
13.263634
9.115954
18.357276
19.541219
2.423047
17.245065
1.249228
2.247966
2.677882
1.264942
3.438468
3.896295
12.616759
5.669075
1.380611
1.061864
6.504707
5.460422
1.728970
1.203250
8.780436
2.392948
2.644616
10.329729
28.432306
3.525513
4.818805
3.034437
2.711565
11.134251
16.404013
9.949537
9.583339
9.825942
36.507803
3.150389
29.152073
4.699829
1.564437
2.547280
11.274303
18.129239
2.059629
1.665335
1.280853
1.088745
3.270772
14.296661
7.557391
8.145992
7.099512
12.152392
1.887071
24.779731
21.063170
40.347362
24.167917
27.045646
1.116307
22.421628
8.563646
15.800254
34.727297
2.276242
25.091422
2.959517
11.852348
1.144567
12.305250
2.363222
27.730310
33.449138
1.488139
9.346725
18.821993
1.644647
35.164112
1.750718
2.996743
4.360235
31.032220
14.658583
37.902839
27.385838
6.187468
2.220042
1.686282
1.959180
20.287928
38.862354
4.045180
1.313278
15.998997
30.266032
1.584115
1.840479
9.230618
2.192464
3.190016
2.579321
1.173541
6.034699
1.158963
8.671363
1.910808
5.259448
6.586526
5.392591
40.854870
8.457267
15.603980
1.010076
22.703657
4.470615
11.559713
6.110606
14.842965
18.588182
4.199754
38.379598
8.352209
5.065871
1.817616
5.598653
2.085536
2.515637
0.985138
23.278403
1.035647
3.072606
13.599405
15.410144
10.724448
21.868036
4.758945
16.610350
7.652451
32.218023
8.044801
3.395755
2.484387
31.817804
13.430470
16.200239
2.815179
10.074687
14.119065
3.660230
12.775458
5.740384
2.611764
6.669374
3.353572
19.298474
30.646732
1.469653
1.863630
1.624217
23.867699
26.377886
11.705116
4.641446
7.463512
2.111769
41.368761
35.606422
7.846174
7.944867
1.329797
23.571209
1.048673
36.054296
6.423904
3.752889
2.008777
8.890880
1.451396
5.959735
9.002713
13.098871
4.306072
7.279237
1.363461
17.681626
4.096062
3.311913
3.706270
2.886446
6.753265
1.346523
0.997529
19.058744
1.707493
2.453526
1.233710
2.745672
3.994930
15.029667
26.050215
6.265297
1.795038
1.075221
39.351182
1.934843
8.248456
6.344105
4.879418
5.529105
2.138332
22.989234
32.623276
7.370798
29.518761
2.333866
20.035907
1.772739
1.415561
24.471912
9.464292
1.022782
4.583789
7.011320
1.218385
1.102440
4.415080
10.459661
6.838210
4.252581
20.801519
2.034044
10.201411
4.526849
3.569859
1.525811
1.130349
17.461981
11.416116
1.604041
21.596387
5.194114
17.030843
5.812589
1.433367
5.885702
1.983823
14.476491
2.165229
25.407033
20.543119
34.295907
1.397977
12.936154
3.111255
1.188303
37.432003
7.748707
9.703882
1.545003
39.846159
7.188813
5.002941
29.890061
28.079114
33.033626
12.001433
12.460031
10.859345
4.940794
10.995939
31.422557
6.924224
3.481719
10.591227
36.967015
2.922753
19.787017
2.850590
2.780209
