2.277774
35.293489
2.247230
12.996739
5.552224
33.892661
6.269512
7.079466
79.336517
48.798448
78.272671
6.441095
43.802834
1.582014
63.067054
46.861597
12.480888
6.102500
21.708383
6.617373
50.133954
25.872963
11.985511
42.635981
2.217097
65.673698
8.324463
2.072382
5.781704
10.471932
2.158036
49.461694
11.355458
19.750889
59.751752
3.235549
8.905762
4.296061
16.349520
7.273216
3.024357
1.885510
60.563870
83.738472
4.534426
6.354724
1.762439
10.331511
4.851066
8.668524
7.573827
45.613262
87.199492
24.512876
23.539939
46.233216
39.318632
12.148413
68.388078
8.102709
6.185442
3.107127
25.183739
6.020670
2.943792
9.788405
58.160039
2.904318
17.728943
34.353315
5.860287
2.678344
2.983803
84.876606
2.572038
3.279525
52.206056
1.963441
3.908675
70.259709
43.215469
26.942326
52.915617
1.669791
8.786342
14.875246
22.003434
29.612557
5.404319
27.679678
1.911137
18.712627
3.461488
2.826950
74.158041
12.650522
20.019334
2.436831
3.369278
4.354451
57.380155
21.130099
37.251735
7.175687
6.707314
16.571735
28.823716
1.603516
4.015647
28.055888
7.781106
5.120226
56.610728
10.758526
72.182563
3.703204
73.163635
5.939937
1.990127
3.653547
16.796970
13.173385
63.924232
17.256666
31.680410
4.917000
2.340111
24.846043
2.503522
8.437605
8.552285
14.284835
14.093286
47.498518
62.221370
2.017176
5.477772
64.793061
69.317577
1.937113
3.324099
3.604556
42.064263
30.836483
9.921444
4.070226
15.913989
80.414822
3.753537
1.786393
9.026805
14.675780
22.912864
8.212838
32.547433
15.077424
66.566304
23.224285
31.255598
4.983829
4.125547
11.824794
76.187584
88.384668
7.886863
3.804553
7.472268
6.528639
9.399895
1.715490
20.846759
15.700593
61.387026
3.856263
34.820229
10.192972
4.238454
2.606996
40.394697
35.773182
10.056292
9.149493
29.215474
2.044593
40.943723
6.798476
54.363801
2.865373
26.581049
2.100549
6.984536
14.478988
39.853033
27.308514
17.969907
33.438185
17.025267
28.437210
50.815352
13.717858
1.692486
86.030210
25.526025
12.822462
32.989803
2.404155
13.533912
38.791398
2.187367
2.129098
9.273849
48.144096
1.738806
1.810673
7.372070
11.509796
10.904750
44.398181
5.260355
1.860227
18.214145
32.110995
51.506011
45.001621
18.966960
19.486044
4.181619
89.585951
4.473623
13.352432
41.500211
20.567219
3.961800
10.614261
53.634821
2.642429
7.676767
21.417289
5.627687
4.413635
22.605619
71.214647
9.527654
2.751644
3.556221
3.149358
5.704176
20.291428
3.508535
1.835283
4.596056
19.224750
18.461704
75.165963
82.615599
2.371917
77.223090
3.415072
2.469951
24.184175
13.904305
12.313528
11.203189
30.422988
15.282349
11.052963
5.331851
2.308732
4.786017
17.491211
16.130284
9.657149
36.752216
23.859883
67.471043
2.714746
30.015038
36.259395
5.189817
11.666232
55.102689
2.789043
4.658523
4.721840
81.507783
26.224616
7.994058
58.950524
22.302494
5.051567
1.625310
3.065463
6.890878
15.490060
55.851619
38.271233
3.192162
1.647400
37.758043
2.537549
