10.310360
0.743973
16.081173
0.584469
0.599505
10.847658
0.541587
8.203404
0.753482
1.220852
1.904176
2.303775
5.822031
2.895475
1.953161
0.763112
4.292414
0.772865
4.751447
5.193195
1.131279
0.900099
7.896734
1.554026
6.867150
0.888740
0.855516
1.102907
7.601527
1.720215
1.190233
0.508266
1.300891
1.614377
2.245996
0.495518
8.099880
2.107809
7.133837
0.569811
3.780473
1.978125
12.316616
14.527584
2.550142
5.127659
16.286706
3.415245
0.672098
11.856179
5.748559
4.028319
0.813141
7.997662
6.444643
1.334357
4.131949
1.268264
1.021987
6.203721
12.958465
0.501852
18.258837
1.856419
1.515051
1.421836
9.676006
0.470975
0.734584
0.680688
6.694921
0.698199
1.317517
1.477053
7.410880
0.555520
0.923254
1.742201
0.655242
0.430912
7.505598
9.924924
15.284652
6.283010
1.351411
1.075246
4.632280
0.707123
3.246084
8.966086
6.610433
0.911603
7.225014
0.465031
11.558825
5.394874
2.932482
4.238245
4.079805
0.577094
0.844719
15.480005
1.009090
3.927288
5.463826
8.414439
11.126718
15.091765
0.447647
6.780489
2.858935
14.344251
13.291825
2.003407
4.812175
0.514762
3.007921
3.124734
1.205446
1.677072
11.412956
3.205119
1.832991
13.808015
0.476994
0.877524
16.919202
6.048130
4.459110
2.582736
2.454810
12.474034
1.787020
0.630747
2.717328
1.534415
1.175213
0.548509
14.163231
9.080681
0.638808
0.971367
4.573822
10.575597
8.852936
1.573888
17.576261
14.713261
1.764468
7.043810
1.928513
0.414803
1.440009
0.959109
12.007713
8.630904
0.425474
2.217653
10.051775
9.799675
0.409569
2.189666
2.423831
0.689388
2.615746
2.054945
6.363313
5.971805
10.442137
9.433330
6.527012
3.085301
0.528004
3.977483
0.459163
5.259570
12.161184
0.489265
3.639147
1.880146
1.698506
1.635010
4.873680
0.614928
0.562620
0.646973
4.691485
1.386176
2.393243
15.677855
17.135446
1.035049
3.877727
2.517960
8.521984
2.787233
0.420105
3.287572
5.676014
1.458414
0.947005
0.725314
16.705687
7.698682
1.284474
11.268928
3.458895
9.196741
1.088988
2.486185
7.797079
13.984495
3.828791
0.534753
0.453368
4.347275
4.999057
5.604384
2.822856
13.461708
5.896443
0.483091
0.792747
9.314285
2.649177
1.160382
8.308252
3.164671
1.145738
4.184759
1.495932
13.633762
2.134749
3.372146
3.503103
17.354454
6.125432
1.061676
5.062949
3.593222
0.866450
3.329590
2.333220
18.028417
10.986302
0.935054
9.553898
2.969962
2.683037
2.081209
10.180246
3.046365
13.124087
0.436420
12.633465
14.901311
0.834059
1.809859
0.441998
0.996356
4.935970
16.494866
0.802879
8.741215
2.752059
7.317357
2.029012
1.368683
5.326792
5.533659
2.274702
1.594004
2.162033
1.117003
1.048278
0.782743
0.716161
0.607167
0.591940
0.521341
3.547876
0.983782
17.800903
6.954919
1.252259
1.403893
15.878233
4.516102
0.663617
3.685659
4.402837
3.732765
10.710764
12.794933
0.622787
0.823534
2.363041
1.236456
11.706558
1.655908
