0.626803
25.609856
0.869947
3.180306
7.005372
20.788029
8.253004
1.040267
5.519445
33.990371
13.697006
0.772191
4.972771
50.824437
2.003864
24.490304
31.083505
8.891336
28.004838
6.126216
48.602612
0.937234
12.340386
5.278159
40.043937
11.800917
12.713664
9.024808
23.073327
16.624496
0.727514
1.487471
4.158595
3.529927
0.909716
25.231098
2.325831
1.752384
8.502645
4.685053
1.555469
0.738435
11.454438
6.799692
8.130946
4.615763
44.446103
19.010230
0.857081
2.432154
1.832493
36.619368
1.887923
3.426287
1.401408
3.477721
51.587391
39.451706
2.291433
29.285054
0.831917
1.626576
3.917984
17.384470
1.805391
8.010693
25.994300
3.802951
3.041276
11.978068
14.756406
14.538165
10.319933
1.675778
6.502439
0.645763
3.746707
16.874056
7.547205
30.170882
9.437369
10.632095
9.297795
23.419694
6.901766
0.807492
11.118132
3.636702
8.759837
1.380682
29.724668
34.500620
1.137551
19.585261
6.406271
1.578819
9.160285
1.104152
0.665296
28.851941
0.749520
0.685421
2.360745
1.360262
2.620270
27.182606
3.228047
0.760771
5.858404
1.087822
2.126925
5.946348
7.325616
12.525634
32.992402
16.136395
37.727048
32.504459
2.865312
26.780588
45.113308
2.996297
24.128103
1.700934
2.699529
50.072767
2.543338
1.009724
24.857942
3.276505
14.323152
3.582917
6.699127
3.860039
20.177685
5.437815
2.257544
12.904515
17.910324
0.994791
0.819613
10.016936
7.217274
17.645438
18.179185
4.899226
17.127362
1.243932
22.064661
4.348701
2.158853
13.902620
37.169082
1.300797
2.908325
4.036497
26.384515
0.883006
1.509800
11.626387
1.071733
1.974228
13.494434
5.602300
3.691295
1.650994
0.795549
1.465472
5.047420
42.503111
4.547498
0.706153
15.430982
14.977922
43.788765
0.783783
6.218180
2.191261
6.600050
1.207410
0.636212
32.023733
0.965583
53.147830
20.480583
2.659604
0.980078
7.775496
10.474851
1.945030
7.660500
43.141149
0.655457
1.281559
2.951983
5.686400
2.505723
22.732083
38.868233
14.111320
7.110534
18.452083
41.255205
9.722835
38.293389
19.295604
2.468664
10.167306
1.055883
4.826769
47.883802
45.790529
8.630283
7.892219
22.395886
4.413982
1.340144
2.781186
41.874510
6.035612
1.422445
47.175622
15.897745
21.100089
1.916264
33.487669
35.018528
1.171960
5.123190
3.375614
2.095469
52.361798
1.262605
1.726467
0.896262
3.086931
46.477916
4.480243
0.675283
1.154627
5.357392
7.435585
16.378627
28.425234
4.221022
1.189553
0.695710
13.098232
12.157877
1.532465
15.202764
19.879266
30.623794
13.294857
0.923372
0.716754
21.416835
4.097091
9.868790
2.064478
1.860001
11.285032
36.077784
2.224155
9.579039
18.729078
0.844405
40.645059
1.443798
23.771260
1.602520
4.755383
1.225535
49.332213
5.200097
2.740053
31.550116
8.376895
35.544210
1.778690
5.771761
2.396184
3.325690
1.120727
2.822935
1.024882
3.133270
21.738335
4.284386
6.311525
10.953700
15.662625
3.976799
0.951303
1.320324
0.617533
27.590659
10.791700
2.581517
2.033945
