2.411144
2.944978
6.005052
22.876294
10.278981
4.127208
12.398818
19.689809
5.784033
2.598934
16.323425
10.941919
26.912778
2.024051
4.795132
6.976875
4.393390
1.182465
5.299440
27.594078
12.554776
4.338815
33.703483
9.656209
2.766550
2.472182
8.628763
5.641225
1.017757
28.648503
0.909465
1.339908
1.227649
4.855447
3.379072
1.556751
3.688062
1.677998
8.005279
15.143951
1.699104
27.941169
2.631624
19.445218
17.594761
21.223333
4.504609
18.965114
5.930456
32.059745
21.490289
0.854363
4.448652
10.805996
5.501942
3.642248
31.661492
5.040983
26.248299
1.576333
2.836586
1.596161
7.243476
18.267092
24.968154
1.462433
1.356762
4.075939
29.743219
2.801349
9.185271
11.942473
7.905836
0.822918
3.552321
10.539195
3.214273
1.030559
22.592120
1.138944
18.496864
3.925922
2.236923
5.433596
1.480828
10.025193
8.105973
0.944217
1.518315
0.887010
1.097024
4.978363
2.181693
2.075291
2.127827
13.364490
2.154592
13.875174
1.212399
4.284917
8.521575
3.828990
3.781426
16.528748
20.699327
2.441472
3.975304
29.373743
1.274560
14.405372
7.064634
3.337097
13.532594
2.049511
3.095970
7.426845
30.117343
2.982021
32.871341
0.932488
19.203666
11.218915
34.127420
15.722632
10.408275
6.554168
1.854474
18.729525
8.737300
6.157071
15.527322
6.720088
1.949555
12.244798
8.415718
2.664726
11.360031
9.900658
1.786219
13.034519
2.534766
3.295643
4.735566
25.282215
1.153270
20.442196
1.998908
2.293551
1.537413
33.284811
14.226425
5.856787
0.812695
20.959692
6.636609
1.444266
1.499454
5.168596
0.980298
8.847201
7.614857
16.736654
1.808687
28.292625
23.750443
1.657153
1.742117
1.901420
1.056648
9.777670
4.179122
24.351688
1.720476
9.417797
5.233609
4.676739
5.366099
2.732184
25.922237
7.520264
7.334588
0.843750
13.702814
25.600226
6.472751
1.616238
6.804616
1.290592
1.043522
0.875992
6.234517
22.311476
5.104391
4.561270
20.188259
4.916521
2.872266
3.174345
10.671762
2.566649
0.968120
1.083397
1.426325
8.958485
7.153496
1.391109
3.421576
13.198473
14.770046
4.231689
9.300807
2.209135
2.381192
1.831438
3.508193
1.124795
12.872602
2.908394
6.890207
11.502923
0.865110
30.879767
16.120652
24.657995
1.925337
12.712696
11.079551
1.167776
1.877801
5.712183
6.312938
31.268187
0.833269
17.160345
29.008856
3.134912
7.807628
9.071169
32.463006
3.877153
3.464614
0.920905
3.254703
14.586569
3.019530
1.408607
1.764030
0.992628
2.351612
23.455410
8.311177
15.920398
1.197339
10.151294
2.265060
2.101395
2.503278
17.816076
18.040174
14.955830
1.306826
11.647612
26.578462
5.571148
1.069939
17.376195
15.334438
2.698244
3.597004
1.636568
1.005114
1.974077
14.049702
6.392345
30.496172
1.243091
19.937476
1.110823
24.049187
7.710640
16.947175
2.322400
3.734452
21.760604
23.164042
4.025307
6.080587
8.207933
1.373828
0.956094
4.618644
1.323264
11.794121
3.057511
9.536258
22.034319
12.092690
27.251299
1.258727
0.898167
