15.282349
2.247230
7.175687
31.255598
2.371917
4.354451
89.585951
50.815352
4.238454
20.291428
6.354724
45.001621
2.187367
2.217097
21.708383
15.913989
6.020670
1.860227
36.259395
4.983829
3.415072
19.486044
4.534426
5.051567
7.886863
9.149493
4.721840
12.480888
2.404155
3.149358
2.072382
11.203189
1.835283
3.024357
76.187584
3.279525
4.070226
40.943723
5.331851
6.185442
6.102500
44.398181
55.102689
10.056292
37.251735
4.851066
2.642429
62.221370
18.966960
1.669791
5.939937
1.911137
6.528639
3.908675
38.791398
26.942326
4.596056
4.296061
7.781106
27.308514
73.163635
47.498518
4.917000
16.796970
48.798448
2.537549
63.067054
3.369278
9.273849
8.905762
1.692486
7.372070
6.707314
25.872963
2.789043
5.260355
3.961800
3.804553
10.192972
17.025267
15.077424
35.773182
8.786342
54.363801
2.277774
11.666232
15.490060
67.471043
17.491211
12.822462
2.572038
17.969907
8.102709
41.500211
6.984536
16.130284
18.214145
6.617373
78.272671
11.985511
22.302494
17.728943
9.527654
39.853033
58.160039
3.856263
7.573827
50.133954
37.758043
1.582014
19.750889
39.318632
30.422988
45.613262
52.915617
14.478988
33.892661
11.355458
3.461488
1.647400
52.206056
1.786393
6.269512
42.064263
8.212838
7.994058
2.904318
14.875246
9.657149
3.235549
61.387026
2.100549
38.271233
88.384668
8.324463
18.712627
1.715490
1.603516
3.065463
2.340111
3.753537
16.349520
31.680410
24.184175
29.612557
53.634821
5.860287
2.943792
64.793061
42.635981
57.380155
22.912864
3.604556
60.563870
80.414822
1.885510
86.030210
34.353315
20.567219
5.120226
59.751752
10.471932
55.851619
24.846043
23.859883
15.700593
12.313528
11.509796
17.256666
30.015038
5.781704
26.224616
23.224285
3.324099
58.950524
74.158041
63.924232
11.052963
5.627687
12.650522
82.615599
49.461694
56.610728
33.438185
12.148413
51.506011
3.192162
3.508535
34.820229
8.552285
23.539939
24.512876
8.668524
1.937113
32.110995
2.983803
2.606996
13.717858
29.215474
5.552224
83.738472
10.904750
65.673698
26.581049
2.017176
14.675780
72.182563
66.566304
9.026805
28.437210
3.653547
71.214647
16.571735
28.823716
43.215469
35.293489
2.308732
25.526025
18.461704
13.352432
46.861597
2.751644
5.477772
4.125547
1.625310
87.199492
7.273216
1.990127
20.846759
4.786017
9.788405
1.810673
14.093286
14.284835
1.738806
6.890878
40.394697
20.019334
4.015647
6.798476
27.679678
13.904305
32.547433
7.472268
3.107127
2.826950
6.441095
10.331511
69.317577
2.503522
2.469951
1.963441
2.865373
4.658523
7.676767
1.762439
2.714746
81.507783
12.996739
7.079466
3.556221
2.044593
79.336517
21.417289
75.165963
4.413635
25.183739
5.189817
22.605619
2.436831
9.921444
3.703204
9.399895
21.130099
2.158036
13.173385
77.223090
43.802834
10.758526
4.473623
11.824794
8.437605
36.752216
2.129098
30.836483
10.614261
5.704176
70.259709
84.876606
32.989803
19.224750
68.388078
13.533912
22.003434
46.233216
5.404319
48.144096
4.181619
28.055888
2.678344
