0.985138
0.997529
1.010076
1.022782
1.035647
1.048673
1.061864
1.075221
1.088745
1.102440
1.116307
1.130349
1.144567
1.158963
1.173541
1.188303
1.203250
1.218385
1.233710
1.249228
1.264942
1.280853
1.296964
1.313278
1.329797
1.346523
1.363461
1.380611
1.397977
1.415561
1.433367
1.451396
1.469653
1.488139
1.506857
1.525811
1.545003
1.564437
1.584115
1.604041
1.624217
1.644647
1.665335
1.686282
1.707493
1.728970
1.750718
1.772739
1.795038
1.817616
1.840479
1.863630
1.887071
1.910808
1.934843
1.959180
1.983823
2.008777
2.034044
2.059629
2.085536
2.111769
2.138332
2.165229
2.192464
2.220042
2.247966
2.276242
2.304874
2.333866
2.363222
2.392948
2.423047
2.453526
2.484387
2.515637
2.547280
2.579321
2.611764
2.644616
2.677882
2.711565
2.745672
2.780209
2.815179
2.850590
2.886446
2.922753
2.959517
2.996743
3.034437
3.072606
3.111255
3.150389
3.190016
3.230142
3.270772
3.311913
3.353572
3.395755
3.438468
3.481719
3.525513
3.569859
3.614762
3.660230
3.706270
3.752889
3.800095
3.847894
3.896295
3.945304
3.994930
4.045180
4.096062
4.147584
4.199754
4.252581
4.306072
4.360235
4.415080
4.470615
4.526849
4.583789
4.641446
4.699829
4.758945
4.818805
4.879418
4.940794
5.002941
5.065871
5.129591
5.194114
5.259448
5.325603
5.392591
5.460422
5.529105
5.598653
5.669075
5.740384
5.812589
5.885702
5.959735
6.034699
6.110606
6.187468
6.265297
6.344105
6.423904
6.504707
6.586526
6.669374
6.753265
6.838210
6.924224
7.011320
7.099512
7.188813
7.279237
7.370798
7.463512
7.557391
7.652451
7.748707
7.846174
7.944867
8.044801
8.145992
8.248456
8.352209
8.457267
8.563646
8.671363
8.780436
8.890880
9.002713
9.115954
9.230618
9.346725
9.464292
9.583339
9.703882
9.825942
9.949537
10.074687
10.201411
10.329729
10.459661
10.591227
10.724448
10.859345
10.995939
11.134251
11.274303
11.416116
11.559713
11.705116
11.852348
12.001433
12.152392
12.305250
12.460031
12.616759
12.775458
12.936154
13.098871
13.263634
13.430470
13.599405
13.770464
13.943675
14.119065
14.296661
14.476491
14.658583
14.842965
15.029667
15.218717
15.410144
15.603980
15.800254
15.998997
16.200239
16.404013
16.610350
16.819283
17.030843
17.245065
17.461981
17.681626
17.904034
18.129239
18.357276
18.588182
18.821993
19.058744
19.298474
19.541219
19.787017
20.035907
20.287928
20.543119
20.801519
21.063170
21.328112
21.596387
21.868036
22.143102
22.421628
22.703657
22.989234
23.278403
23.571209
23.867699
24.167917
24.471912
24.779731
25.091422
25.407033
25.726614
26.050215
26.377886
26.709679
27.045646
27.385838
27.730310
28.079114
28.432306
28.789940
29.152073
29.518761
29.890061
30.266032
30.646732
31.032220
31.422557
31.817804
32.218023
32.623276
33.033626
33.449138
33.869877
34.295907
34.727297
35.164112
35.606422
36.054296
36.507803
36.967015
37.432003
37.902839
38.379598
38.862354
39.351182
39.846159
40.347362
40.854870
41.368761
