5.559596
34.918801
16.087224
10.517341
3.089550
20.916230
2.346736
10.004404
3.544955
9.281521
2.529509
5.992600
6.622847
20.146396
12.373108
62.055267
28.948703
42.120114
18.229213
5.918159
8.089164
46.549925
9.757394
20.399806
9.636186
2.045261
4.170456
10.919229
52.092730
11.479070
11.056576
4.495268
31.595838
2.097037
41.596889
34.056653
7.694651
12.528742
1.994763
1.969984
4.118650
3.167762
3.821051
4.222914
15.302640
18.458508
30.815734
2.177169
8.719182
2.760814
30.054890
36.709126
3.207608
2.288795
1.738505
26.856970
38.111855
3.869113
11.917708
29.312833
1.804936
8.293942
3.128412
12.845909
57.571370
4.968040
59.028796
10.783588
42.649920
32.803178
5.490533
18.002766
7.138662
39.568185
6.459329
7.791438
13.504533
3.917781
13.336777
47.135451
40.569859
7.504669
9.880127
1.653717
16.701949
37.638422
26.523348
4.725746
38.591243
2.406144
36.253118
5.157879
5.844642
14.196925
16.494474
13.007491
44.279658
17.558276
1.534225
61.284404
3.589545
15.887385
12.219407
19.404896
24.606863
12.067615
10.649633
33.215791
7.889442
22.545272
14.375500
6.221589
1.695581
1.945512
31.203348
10.130244
25.868484
47.728342
41.080165
28.589096
1.592851
1.612886
52.747975
1.850629
2.902363
6.790506
8.503904
5.093807
33.633594
56.856207
3.457429
1.760372
35.358025
23.116009
17.124760
2.866310
2.376254
2.498087
23.701193
4.609067
7.988679
5.354972
1.827640
17.779132
21.988628
7.228456
21.179323
9.398268
31.993264
6.067978
4.439427
7.411445
5.030530
19.896133
2.561327
21.715480
6.299847
45.400603
55.452422
2.232284
16.912033
4.667042
15.495124
3.051171
23.999317
22.828857
14.924817
3.773585
2.692649
6.379090
50.806556
4.551812
2.975837
6.962408
8.190913
8.610870
3.500919
15.112548
6.540577
3.013269
50.175426
4.067487
18.690687
2.204554
39.076661
2.593544
48.936591
25.547140
4.845379
1.633174
4.785188
3.372065
60.523117
32.395690
5.629527
3.414481
20.656404
11.769664
7.599066
11.623459
45.971673
4.384280
1.496345
2.123414
30.432934
13.674399
27.536858
5.222757
40.065892
14.020568
10.257667
56.149928
6.706153
17.340163
51.445623
2.467056
2.260363
21.445726
11.336475
13.171105
1.873907
34.485033
28.233957
44.836628
3.726708
2.150124
23.406772
2.317584
19.163844
4.906326
6.144303
9.166224
1.573064
1.674518
2.795540
54.763581
3.247954
43.186390
54.083297
25.229789
2.436409
58.295529
5.772039
1.716909
3.288809
24.301192
5.288451
27.194789
9.052359
29.681543
43.729608
4.276032
11.195651
1.477757
2.659200
14.739418
24.916379
1.553523
3.634696
2.070987
12.686335
3.680415
26.193869
49.552137
1.921345
2.830704
18.925787
8.828856
3.967061
37.170870
14.556322
16.289576
6.875920
35.802775
59.771287
13.846402
3.330177
5.700338
7.319378
2.626167
8.939909
27.883229
1.897478
2.019854
8.398267
9.516483
2.938871
1.515167
2.726518
22.265210
4.329817
15.690029
5.422329
1.782515
48.328691
19.648979
7.049984
4.016960
10.386692
53.411463
