6.048130
4.402837
13.808015
3.007921
1.252259
5.326792
9.799675
1.458414
5.127659
8.521984
17.800903
10.575597
4.131949
2.189666
0.607167
2.932482
1.742201
0.569811
0.436420
3.828791
3.046365
5.896443
13.984495
2.582736
1.764468
0.725314
2.003407
12.474034
0.447647
0.501852
10.710764
0.577094
8.630904
1.145738
1.268264
11.856179
9.924924
7.133837
0.983782
12.007713
2.245996
13.124087
1.720215
1.035049
6.694921
12.794933
0.698199
14.901311
0.866450
2.217653
0.707123
7.043810
4.347275
0.425474
7.698682
3.458895
2.054945
3.593222
1.554026
1.832991
3.085301
0.420105
5.748559
0.823534
0.772865
0.646973
1.635010
1.655908
4.459110
1.205446
0.414803
2.333220
13.291825
6.363313
15.878233
1.190233
15.091765
0.959109
15.284652
2.134749
2.858935
1.009090
0.813141
6.610433
0.555520
4.691485
0.996356
0.672098
0.465031
1.698506
9.196741
3.732765
13.461708
2.486185
10.442137
0.430912
2.454810
0.483091
1.421836
5.193195
10.847658
6.867150
2.274702
0.753482
7.896734
5.604384
1.117003
0.888740
1.048278
4.079805
1.334357
11.412956
0.947005
1.300891
5.533659
1.515051
0.923254
3.287572
1.477053
5.822031
1.978125
2.649177
2.029012
0.834059
2.969962
3.503103
1.075246
14.163231
3.877727
11.126718
2.162033
1.573888
1.856419
7.505598
14.713261
9.553898
0.562620
4.812175
8.741215
0.971367
9.433330
6.954919
7.797079
6.527012
11.268928
4.999057
3.927288
2.081209
3.164671
2.550142
0.584469
10.180246
12.316616
0.489265
1.317517
16.286706
8.414439
4.873680
9.676006
6.283010
4.238245
2.895475
5.062949
1.160382
17.135446
4.516102
3.205119
1.021987
3.246084
5.971805
2.107809
4.292414
0.622787
16.919202
0.521341
2.393243
1.677072
5.259570
8.203404
3.685659
15.677855
11.706558
7.225014
8.099880
1.403893
4.184759
0.630747
2.752059
1.880146
2.363041
0.689388
0.911603
16.081173
9.314285
1.904176
0.614928
1.440009
2.423831
13.633762
10.986302
0.680688
0.528004
7.410880
1.102907
17.354454
3.415245
0.655242
1.495932
0.459163
2.717328
3.639147
12.958465
0.495518
2.517960
0.935054
1.953161
16.705687
17.576261
4.632280
0.734584
6.444643
1.534415
0.877524
8.852936
2.303775
0.591940
3.329590
0.476994
8.966086
1.061676
0.453368
0.599505
1.284474
0.548509
0.514762
1.368683
18.028417
0.409569
12.633465
12.161184
5.463826
4.573822
6.780489
3.547876
4.935970
1.131279
3.780473
0.541587
2.615746
0.802879
1.386176
7.317357
1.351411
1.614377
0.743973
4.028319
10.051775
3.372146
2.683037
1.220852
0.638808
0.470975
3.977483
5.394874
6.203721
1.175213
3.124734
16.494866
7.997662
6.125432
7.601527
1.928513
1.088988
0.508266
0.792747
5.676014
2.787233
15.480005
10.310360
1.236456
8.308252
0.763112
0.782743
18.258837
2.822856
1.594004
1.787020
4.751447
0.900099
14.344251
1.809859
14.527584
9.080681
0.534753
11.558825
0.855516
0.441998
0.844719
0.663617
0.716161
