7.435585
1.578819
10.167306
1.532465
19.585261
0.869947
24.857942
2.659604
4.826769
6.799692
52.361798
2.581517
23.073327
4.036497
3.325690
8.891336
8.130946
10.319933
7.775496
31.083505
3.228047
1.752384
8.253004
6.502439
13.294857
17.645438
22.064661
3.180306
41.874510
4.158595
2.505723
19.879266
22.732083
43.788765
27.590659
0.695710
1.320324
51.587391
28.425234
7.217274
2.781186
32.023733
10.791700
1.087822
1.602520
1.945030
4.899226
5.047420
8.502645
18.452083
7.547205
4.413982
1.243932
3.375614
10.953700
1.805391
14.538165
29.285054
3.860039
25.609856
40.645059
29.724668
2.064478
2.126925
1.916264
42.503111
1.778690
13.697006
1.137551
1.120727
0.617533
15.662625
1.700934
1.104152
1.487471
9.297795
9.579039
10.474851
5.200097
2.191261
2.432154
9.437369
17.127362
0.844405
27.182606
1.465472
6.600050
2.699529
0.645763
26.384515
14.323152
1.171960
6.699127
0.685421
1.340144
3.917984
1.040267
3.133270
0.665296
1.024882
9.722835
1.726467
45.113308
0.909716
0.819613
30.170882
5.858404
2.003864
13.494434
5.686400
18.729078
7.005372
2.865312
24.128103
44.446103
1.887923
3.691295
2.620270
1.422445
1.860001
1.262605
32.504459
3.976799
7.660500
30.623794
2.951983
3.802951
1.832493
0.760771
1.555469
2.360745
5.357392
2.822935
2.740053
12.157877
3.529927
20.177685
28.004838
23.419694
11.118132
19.295604
6.218180
2.095469
11.285032
0.716754
5.437815
11.978068
1.300797
37.727048
9.024808
13.902620
34.500620
5.771761
2.257544
39.451706
2.158853
35.018528
0.965583
4.480243
0.883006
2.224155
46.477916
1.626576
36.077784
0.636212
7.110534
47.883802
5.519445
2.996297
12.713664
0.951303
50.072767
14.977922
0.795549
1.509800
2.396184
3.477721
21.738335
8.010693
3.041276
4.547498
9.160285
31.550116
0.772191
53.147830
4.348701
4.615763
1.401408
21.416835
1.207410
21.100089
24.490304
1.650994
5.602300
40.043937
0.738435
49.332213
38.293389
32.992402
28.851941
1.974228
0.923372
8.759837
16.624496
15.897745
0.831917
6.406271
16.378627
5.123190
1.189553
1.055883
3.426287
2.468664
1.281559
3.636702
16.874056
11.454438
47.175622
3.086931
0.896262
14.111320
25.231098
0.807492
22.395886
7.325616
0.727514
7.892219
16.136395
0.626803
3.746707
11.626387
37.169082
20.480583
33.990371
48.602612
1.009724
12.904515
6.035612
3.582917
1.675778
10.632095
0.783783
15.202764
26.780588
20.788029
41.255205
1.071733
4.097091
0.937234
4.284386
2.908325
5.946348
14.756406
0.749520
0.980078
3.276505
4.685053
18.179185
6.311525
23.771260
12.525634
4.972771
6.126216
25.994300
1.225535
9.868790
5.278159
36.619368
13.098232
2.543338
1.380682
1.443798
33.487669
0.994791
0.857081
1.360262
11.800917
0.675283
17.910324
35.544210
45.790529
2.033945
4.221022
50.824437
17.384470
43.141149
8.630283
38.868233
1.154627
19.010230
0.706153
2.291433
2.325831
6.901766
0.655457
4.755383
8.376895
15.430982
10.016936
12.340386
