24.351688
3.734452
3.642248
4.075939
10.408275
1.786219
4.735566
0.898167
3.925922
2.503278
1.596161
5.641225
1.518315
19.445218
0.932488
8.847201
1.030559
5.104391
2.698244
1.069939
23.164042
32.871341
14.405372
2.101395
22.034319
4.393390
2.127827
6.554168
1.124795
10.025193
1.901420
8.311177
0.843750
7.520264
12.398818
19.203666
24.657995
1.138944
1.083397
32.059745
20.188259
25.922237
1.258727
33.284811
5.433596
4.179122
13.034519
29.008856
6.890207
3.421576
3.254703
3.552321
22.311476
6.804616
20.699327
16.120652
1.110823
6.005052
32.463006
13.702814
0.854363
4.448652
14.955830
18.729525
16.947175
3.337097
1.391109
2.381192
9.071169
4.127208
4.561270
2.664726
1.182465
7.807628
2.322400
1.974077
3.508193
4.978363
2.872266
22.592120
17.594761
1.854474
3.095970
6.080587
10.151294
11.218915
5.930456
26.912778
21.223333
10.805996
3.295643
1.306826
3.688062
2.766550
9.417797
25.282215
7.710640
5.233609
7.334588
1.699104
2.351612
1.537413
30.496172
4.338815
1.636568
11.079551
1.444266
0.887010
3.828990
4.231689
3.057511
2.836586
21.490289
8.958485
26.248299
0.865110
3.975304
12.244798
2.209135
0.909465
1.480828
0.812695
1.462433
1.742117
2.631624
11.360031
5.784033
7.153496
4.676739
5.501942
23.750443
2.982021
3.134912
1.097024
24.968154
14.049702
5.168596
1.243091
30.117343
15.920398
25.600226
12.872602
6.392345
10.671762
0.956094
6.720088
12.554776
15.334438
3.174345
8.415718
20.959692
8.521575
34.127420
11.942473
1.720476
14.770046
6.472751
17.160345
1.227649
1.556751
13.198473
1.576333
4.855447
3.597004
1.426325
1.290592
17.816076
30.879767
8.628763
3.379072
11.794121
2.534766
1.212399
29.373743
10.278981
1.831438
4.504609
1.373828
31.268187
1.408607
1.808687
6.636609
27.941169
28.292625
27.251299
0.833269
1.356762
1.339908
3.214273
13.532594
0.920905
3.877153
31.661492
13.875174
1.877801
1.998908
4.284917
2.908394
8.737300
0.992628
7.905836
1.167776
9.536258
1.677998
5.040983
1.197339
15.143951
13.364490
4.025307
2.566649
1.005114
0.944217
4.618644
19.937476
29.743219
2.293551
6.312938
2.944978
18.496864
8.105973
1.323264
1.764030
2.075291
4.795132
15.527322
1.153270
2.181693
8.207933
24.049187
2.411144
3.781426
18.040174
19.689809
5.299440
7.064634
17.376195
26.578462
5.856787
1.017757
18.965114
1.056648
10.941919
12.092690
11.647612
16.736654
0.875992
4.916521
18.267092
1.925337
9.185271
2.472182
6.157071
2.801349
2.732184
2.441472
1.949555
9.300807
5.712183
1.043522
14.586569
9.900658
8.005279
6.234517
20.442196
22.876294
9.777670
3.019530
9.656209
16.323425
2.154592
1.274560
7.426845
10.539195
1.499454
14.226425
0.980298
2.265060
5.366099
7.243476
1.657153
0.822918
2.024051
7.614857
27.594078
1.616238
3.464614
0.968120
2.049511
33.703483
21.760604
23.455410
12.712696
11.502923
2.236923
16.528748
5.571148
15.722632
28.648503
6.976875
2.598934
